
14:29:34 216 216 157 
14:29:35 216 216 216 216 216 225 216 
14:29:36 216 216 144 139 167 205 189 202 138 226 139 140 172 137 158 211 
14:29:37 216 216 216 216 144 227 226 157 193 216 216 234 202 137 
14:29:38 157 227 157 158 157 137 157 247 140 137 226 234 229 201 158 138 139 158 138 138 140 234 158 145 
14:29:39 216 216 227 157 121 158 216 216 216 216 216 
14:29:40 216 216 203 201 140 202 227 228 139 158 246 140 137 139 139 216 216 140 246 
14:29:41 211 139 202 216 160 216 157 238 157 158 201 216 032 031 032 031 032 033 033 183 140 140 158 157 
14:29:42 157 156 156 142 158 156 149 139 140 138 138 139 140 155 123 138 157 121 227 157 211 139 203 156 158 157 132 168 202 157 193 227 157 121 138 228 157 193 139 227 227 
14:29:43 140 139 157 210 157 238 156 157 156 176 157 157 157 132 158 209 157 149 139 139 139 138 139 159 138 139 137 139 158 123 139 140 140 138 157 158 103 204 192 145 
14:29:44 139 157 148 227 157 122 157 251 156 216 152 128 216 161 139 157 120 158 138 156 120 157 118 136 138 
14:29:45 139 137 139 139 138 140 139 139 139 138 139 136 138 138 138 137 137 138 138 138 138 139 138 137 138 137 137 138 139 137 139 140 139 141 140 140 138 140 141 139 140 137 137 138 139 139 139 138 138 138 140 
14:29:46 137 138 137 137 137 139 136 138 139 138 140 140 140 140 139 141 139 140 142 137 141 140 140 139 136 139 138 139 138 139 142 137 141 138 138 140 138 139 138 139 137 138 138 138 137 138 138 138 137 138 137 
14:29:47 139 138 136 138 141 135 138 156 118 138 137 138 139 136 138 138 137 137 138 138 138 137 139 137 138 136 139 137 139 156 119 138 138 137 137 137 138 140 136 137 137 139 225 138 137 138 139 137 
14:29:48 137 139 227 136 138 137 138 137 138 138 139 138 136 138 139 139 136 138 138 138 137 139 136 138 138 138 137 138 137 138 138 139 136 138 138 138 137 138 137 138 138 137 138 139 137 138 137 141 136 137 136 138 137 138 
14:29:49 138 138 137 139 138 137 138 137 139 137 138 157 120 157 117 158 205 138 138 139 137 139 137 227 138 137 140 136 136 139 138 138 137 227 156 119 138 137 138 137 
14:29:50 138 137 139 137 137 138 137 138 138 137 139 137 138 138 138 136 138 138 139 136 139 136 139 137 137 137 226 139 138 137 138 157 137 139 156 119 156 226 139 137 138 136 139 226 136 139 137 139 138 137 138 138 226 157 118 139 136 
14:29:51 139 138 137 137 138 226 138 139 138 137 138 138 138 137 136 138 138 138 138 137 139 137 137 138 138 137 138 139 138 136 139 137 137 138 138 138 136 139 139 137 138 137 139 137 136 138 138 137 
14:29:52 138 138 137 138 140 137 137 138 137 138 140 137 136 138 138 138 139 135 138 136 139 138 139 135 138 138 137 138 137 138 138 138 138 137 138 137 139 137 138 137 139 137 138 139 138 137 138 138 137 138 
14:29:53 138 139 136 140 136 138 137 138 139 136 139 156 119 138 138 138 138 138 140 137 137 137 138 137 140 136 138 138 138 137 139 157 119 138 138 138 138 138 137 137 138 138 137 138 139 137 138 138 138 137 
14:29:54 138 137 137 138 139 137 138 138 137 139 138 138 138 137 138 140 137 136 140 136 138 139 137 139 138 137 137 138 139 137 137 140 136 137 138 138 157 229 138 139 138 139 140 226 138 140 139 137 138 
14:29:55 228 138 140 226 139 140 138 138 140 139 138 138 138 140 137 139 137 138 140 138 139 138 136 138 138 138 137 139 138 138 138 137 138 138 137 138 138 137 140 136 138 136 139 137 137 137 138 137 139 
14:29:56 137 138 137 137 138 139 136 139 137 138 137 137 138 138 138 137 138 138 157 119 138 226 137 138 138 228 137 157 119 137 138 138 137 138 139 137 138 137 138 139 137 138 139 136 138 138 138 139 136 138 
14:29:57 137 138 138 138 137 138 139 137 139 137 139 137 137 138 138 137 139 139 136 138 139 136 139 137 137 138 139 137 137 138 138 137 138 138 137 138 138 137 138 140 137 138 137 226 157 158 157 169 156 
14:29:58 156 226 138 157 116 139 137 157 228 135 157 158 187 156 208 156 139 216 153 156 156 157 156 216 161 137 200 
14:29:59 216 160 137 136 227 137 138 137 139 137 137 137 137 138 137 140 136 138 137 138 139 136 139 139 136 138 138 136 140 136 139 137 138 137 137 138 139 138 138 136 138 138 138 158 
14:30:00 116 141 156 116 138 139 138 225 137 156 120 137 138 138 156 208 138 227 138 225 138 157 205 157 139 156 188 216 137 157 158 
14:30:01 157 144 255 137 136 227 137 157 118 157 227 157 157 098 157 140 137 226 138 138 138 136 140 137 137 138 138 138 226 138 138 225 140 158 116 139 136 140 136 138 137 139 225 138 137 
14:30:02 138 137 138 137 140 137 138 137 139 137 138 138 157 122 228 157 139 157 216 157 096 216 216 
14:30:03 158 216 216 216 216 216 216 
14:30:04 216 216 216 216 216 216 216 156 
14:30:05 216 216 216 216 216 216 216 
14:30:06 216 216 216 216 216 216 216 216 
14:30:07 216 216 158 216 216 216 216 216 
14:30:08 216 156 216 216 216 216 216 198 
14:30:09 234 216 216 157 216 156 133 216 216 216 157 157 158 
14:30:10 216 157 216 216 216 216 239 216 
14:30:11 216 216 216 216 161 152 167 140 139 143 237 132 141 093 140 137 099 098 128 149 135 251 104 134 108 246 
14:30:12 155 134 151 133 108 134 083 146 131 113 130 097 250 105 135 102 137 144 145 140 097 158 157 141 157 218 128 120 078 148 129 115 130 113 157 215 092 228 087 144 092 157 
14:30:13 156 130 086 099 157 221 158 156 124 156 165 157 218 247 075 117 255 140 234 252 129 154 128 118 157 164 129 119 157 219 252 123 157 157 129 130 110 132 156 165 150 131 115 
14:30:14 077 234 118 131 111 086 143 089 231 175 252 122 252 145 143 107 133 111 131 143 093 170 152 167 171 173 165 166 171 157 174 171 148 158 164 170 172 172 170 153 170 
14:30:15 171 171 171 160 170 149 170 150 172 149 172 150 171 149 158 158 183 157 156 177 148 171 172 171 171 171 170 157 187 171 171 171 139 163 155 163 168 171 171 147 172 135 147 229 
14:30:16 145 171 156 137 183 144 130 114 157 248 147 146 170 113 146 080 117 148 157 157 198 171 157 157 189 153 171 172 170 172 157 158 157 159 223 156 184 147 235 169 233 171 156 158 157 150 
14:30:17 169 177 170 157 186 172 170 162 172 157 173 165 157 184 156 179 157 166 157 164 173 172 158 174 171 131 033 033 033 114 033 158 152 033 032 033 032 033 032 032 033 032 032 032 032 117 032 032 032 032 032 032 032 032 
14:30:18 032 157 033 169 146 145 144 144 145 146 143 144 146 144 145 145 143 144 146 144 143 145 146 145 143 143 146 142 143 142 140 140 157 125 203 156 127 140 157 126 157 220 142 156 124 141 141 141 157 156 115 
14:30:19 142 158 127 143 140 140 141 141 235 142 142 145 145 142 144 139 141 141 142 138 141 140 142 140 144 143 143 144 141 141 143 140 141 143 143 145 140 140 140 140 141 142 156 125 140 140 140 141 140 
14:30:20 140 141 141 140 141 142 140 141 144 143 143 145 142 143 146 144 144 146 143 145 144 144 145 141 143 145 146 143 146 144 144 143 145 146 140 140 143 140 140 032 157 144 140 141 141 141 141 139 
14:30:21 140 141 032 032 157 165 140 140 141 140 139 141 140 033 033 033 110 143 139 142 139 141 141 140 140 140 141 140 141 140 140 141 139 140 145 140 142 141 231 144 235 145 144 143 147 141 145 143 143 157 128 140 
14:30:22 142 141 141 033 032 032 033 033 032 032 032 032 032 032 032 032 033 033 032 032 032 032 088 033 159 032 032 032 032 033 156 143 140 143 140 032 033 033 032 032 153 032 033 091 141 143 033 032 090 032 157 032 032 032 033 032 032 032 032 032 033 033 032 033 033 032 033 032 033 033 
14:30:23 089 032 032 032 032 032 032 170 141 141 141 139 032 033 032 032 032 033 032 033 032 143 033 033 033 033 133 033 033 033 108 033 033 032 113 032 032 032 033 032 032 032 032 032 144 141 142 141 140 032 157 143 139 141 141 142 228 141 142 139 140 230 140 033 
14:30:24 168 142 140 140 140 140 140 140 141 140 140 140 140 141 141 032 160 141 140 141 140 141 141 141 140 141 142 140 140 140 141 142 140 140 141 141 141 142 139 142 140 141 140 141 140 142 139 141 139 139 141 139 
14:30:25 143 140 140 139 141 230 141 140 141 141 229 231 140 140 140 230 142 139 141 140 141 141 140 139 143 138 141 141 140 140 141 140 139 141 142 139 141 142 140 141 143 139 142 141 140 141 
14:30:26 140 142 141 140 141 141 141 140 141 142 140 141 141 142 141 141 141 141 142 141 139 142 141 141 140 141 140 141 144 138 141 141 141 141 142 140 142 139 142 141 141 140 141 141 142 140 142 139 142 
14:30:27 141 139 141 141 142 141 139 142 140 142 141 139 141 141 140 141 140 140 141 140 141 141 141 140 141 141 142 141 140 140 141 143 141 141 141 140 141 141 139 142 140 141 140 141 140 141 141 139 142 141 140 140 
14:30:28 142 139 143 138 141 142 140 140 140 142 141 142 140 142 140 142 141 140 141 141 142 141 141 143 138 142 141 141 141 141 140 143 140 141 140 142 140 141 141 141 141 141 142 140 141 142 140 140 143 
14:30:29 140 141 140 141 141 143 141 138 142 141 141 141 141 143 140 140 141 141 142 141 142 140 141 141 143 138 142 140 141 140 140 143 141 141 142 141 141 139 142 141 142 140 142 141 142 140 141 157 126 141 
14:30:30 142 156 125 142 229 160 140 230 155 127 141 141 158 123 142 141 142 156 157 108 141 143 140 156 125 144 139 139 143 141 140 231 141 157 125 142 140 140 160 140 139 141 142 141 141 
14:30:31 232 247 232 141 157 032 144 033 032 091 143 141 142 141 142 140 141 141 142 141 139 141 141 140 141 141 141 141 158 123 141 141 139 142 140 140 142 143 032 156 145 142 138 143 140 157 126 141 140 
14:30:32 141 141 141 141 140 140 142 229 142 142 230 141 141 141 140 142 141 141 141 140 157 126 140 141 140 141 141 143 138 142 140 230 141 141 157 125 141 228 143 141 140 141 142 229 141 141 142 230 230 
14:30:33 139 158 156 157 094 142 141 142 141 141 140 142 141 141 140 140 141 140 141 140 141 140 141 142 140 142 138 142 140 142 140 141 141 140 142 139 141 140 143 139 141 140 142 140 142 140 142 140 142 140 
14:30:34 141 141 140 142 140 142 141 142 139 142 140 141 141 142 140 231 141 141 142 141 140 142 142 230 140 141 141 142 140 142 140 140 141 143 141 032 032 031 032 031 032 032 031 032 032 032 032 122 142 140 142 140 141 
14:30:35 141 141 142 158 213 141 140 141 031 165 032 032 032 032 156 118 141 142 141 142 141 140 141 142 139 143 139 142 141 142 141 142 142 140 141 140 141 141 142 142 143 142 141 141 140 141 142 142 140 140 141 142 088 104 
14:30:36 146 142 142 143 139 142 141 140 141 141 141 141 141 141 141 141 142 142 141 157 123 140 140 158 123 141 141 140 157 124 140 229 141 141 157 213 142 141 141 143 140 142 142 140 142 141 
14:30:37 139 142 142 140 141 141 142 142 150 169 114 147 146 142 142 152 144 144 168 145 143 143 145 141 143 143 143 143 143 145 140 145 141 142 141 141 142 142 140 143 140 143 140 141 141 230 142 141 140 141 
14:30:38 142 142 141 141 141 140 142 142 140 141 140 143 140 142 141 140 142 140 142 143 138 141 142 141 141 142 140 142 142 141 140 141 140 142 140 143 141 140 141 141 141 141 143 144 141 142 129 144 
14:30:39 138 143 233 141 160 141 140 142 142 139 232 141 140 142 142 141 141 141 157 129 231 144 142 139 142 230 142 230 143 139 141 141 142 140 142 141 141 141 141 140 141 141 140 142 144 141 
14:30:40 144 141 033 032 157 167 140 141 140 141 141 143 140 157 126 032 033 032 032 032 032 032 033 033 034 033 034 034 033 033 033 033 033 034 160 142 141 142 140 141 140 142 141 142 141 140 141 143 139 141 142 141 143 141 141 142 140 142 141 
14:30:41 142 139 141 142 140 142 140 052 052 140 055 138 141 142 053 141 140 053 052 052 141 142 052 052 140 142 054 139 141 143 140 142 140 141 140 142 140 050 050 051 052 145 142 142 142 143 144 142 144 053 143 142 141 141 140 141 140 
14:30:42 142 139 142 141 141 141 053 052 140 143 140 141 140 142 140 142 052 139 143 052 051 140 143 141 140 142 140 143 142 108 087 142 142 143 141 141 140 140 141 140 142 053 142 141 055 143 142 130 148 143 
14:30:43 141 053 140 140 142 111 082 140 142 143 142 141 141 140 141 141 141 108 086 140 141 142 140 142 142 141 141 141 141 141 142 141 141 142 141 141 141 142 142 140 141 141 140 141 141 142 142 142 141 
14:30:44 143 141 141 142 143 144 142 142 144 141 143 142 144 140 144 143 145 142 141 141 142 146 142 143 142 143 143 142 143 140 144 142 142 141 141 143 142 140 129 146 139 142 141 141 
14:30:45 141 142 142 140 142 140 142 143 142 142 143 144 141 148 141 142 144 140 142 142 141 129 115 144 140 080 145 141 141 141 143 142 140 141 141 142 141 141 141 141 143 143 144 144 141 145 141 145 140 140 140 141 
14:30:46 142 140 141 142 145 139 140 141 142 140 141 142 141 142 140 141 143 170 116 144 141 141 142 141 142 140 141 142 141 141 142 140 141 140 141 143 142 146 141 140 141 141 142 142 139 141 141 142 140 140 141 141 
14:30:47 141 141 141 143 142 142 144 142 141 142 141 141 140 141 142 141 140 141 141 141 142 140 141 140 141 141 141 141 141 142 141 140 141 141 141 141 141 141 142 142 141 142 142 139 142 140 141 140 142 141 
14:30:48 140 142 141 141 141 142 142 140 141 141 142 140 140 141 140 141 140 142 140 141 142 143 140 142 140 140 141 142 141 141 144 142 144 139 230 143 229 158 185 143 230 236 237 139 235 136 097 
14:30:49 090 141 093 140 097 138 102 136 107 133 110 169 231 146 153 145 144 141 142 145 144 145 147 143 147 143 146 146 146 144 146 146 146 144 208 235 144 144 146 228 133 115 130 
14:30:50 147 131 162 143 156 157 218 254 124 253 254 130 248 222 222 158 243 133 105 136 223 106 134 108 156 157 158 
14:30:51 183 210 140 156 082 157 225 236 144 155 226 235 172 162 208 227 222 223 216 216 
14:30:52 216 150 173 157 242 170 148 157 164 156 231 147 171 151 169 148 170 150 170 147 171 150 171 150 170 148 173 147 172 171 152 172 150 170 172 154 173 171 156 171 148 
14:30:53 170 150 171 148 171 151 171 150 171 148 170 172 153 171 147 173 148 172 149 172 146 173 171 172 164 169 149 171 147 171 153 174 145 172 147 157 165 171 147 170 150 170 148 170 149 171 
14:30:54 149 170 152 157 161 171 147 171 148 172 149 172 149 171 150 157 163 172 146 171 150 157 165 171 171 154 171 149 173 149 171 150 171 147 172 150 157 183 157 171 171 157 178 144 172 171 
14:30:55 156 171 146 170 150 170 150 156 161 171 149 170 152 171 148 171 150 171 148 172 152 169 149 172 148 172 149 171 152 173 149 170 149 170 148 172 153 168 151 171 152 108 230 233 232 157 
14:30:56 219 239 146 144 137 147 130 107 247 246 108 247 136 113 242 086 134 152 135 143 140 145 086 144 142 151 136 104 135 152 152 134 
14:30:57 143 089 157 167 133 237 115 129 119 254 119 247 158 248 103 134 107 084 133 149 146 242 102 073 151 137 102 136 103 136 104 135 105 135 104 134 104 135 086 145 144 087 144 089 142 
14:30:58 092 140 096 110 132 129 096 090 142 093 140 094 157 157 129 157 219 251 144 085 090 133 092 093 158 157 126 157 200 245 081 137 134 156 197 157 163 129 129 141 156 194 