
14:28:15 154 154 154 153 155 154 
14:28:16 154 154 155 153 155 154 154 154 155 154 154 155 155 102 153 092 155 154 155 154 154 154 154 153 155 154 154 153 154 154 153 154 153 154 155 153 153 153 153 154 154 156 153 153 153 154 153 153 155 157 153 154 154 
14:28:17 153 155 153 155 155 153 154 155 155 155 155 155 153 153 153 156 156 154 153 154 154 153 153 154 154 153 153 153 154 155 154 155 155 153 154 154 154 153 154 155 154 154 155 156 153 153 154 
14:28:18 154 154 154 154 155 153 155 155 153 154 088 155 153 153 154 154 154 155 085 154 153 154 155 153 106 154 155 154 154 153 177 153 154 136 154 154 154 154 155 108 154 154 154 153 153 154 
14:28:19 154 154 154 108 155 153 098 108 154 154 107 087 105 155 154 125 155 106 154 132 153 153 154 154 154 103 154 154 107 154 106 107 153 130 154 153 130 107 153 154 125 154 154 105 155 154 137 099 153 155 153 153 153 
14:28:20 106 088 136 153 206 155 199 134 240 140 145 142 141 095 140 136 241 144 137 147 144 137 101 135 146 082 087 141 097 244 111 082 134 107 131 093 080 
14:28:21 077 092 084 147 084 136 103 137 102 137 103 138 100 128 108 137 149 140 097 139 076 097 139 139 151 139 151 139 098 138 102 137 102 135 148 154 134 108 133 112 130 
14:28:22 111 132 108 132 109 134 155 149 135 155 086 143 091 143 147 083 147 138 097 138 101 082 147 087 133 111 132 091 144 090 104 136 145 101 088 143 139 157 254 103 136 
14:28:23 123 251 254 138 236 138 235 137 239 159 158 236 137 240 161 136 250 147 144 138 101 128 099 094 140 097 136 102 132 116 129 117 253 156 138 099 139 
14:28:24 099 087 136 104 254 149 148 142 149 136 152 171 139 133 103 137 144 136 148 146 131 092 132 092 143 142 137 083 095 139 148 143 106 107 
14:28:25 253 132 149 147 104 135 140 154 144 141 092 106 134 091 132 115 129 094 139 098 138 137 154 135 104 250 136 086 145 142 091 142 143 092 140 036 035 035 241 139 137 
14:28:26 035 148 136 103 136 149 251 155 174 174 251 158 106 135 165 216 169 104 
14:28:27 216 216 216 033 033 034 217 214 216 217 216 
14:28:28 135 150 249 178 148 250 251 216 232 252 253 174 216 172 148 105 166 
14:28:29 236 217 217 216 147 132 191 106 106 107 106 134 150 107 085 107 105 106 105 106 105 105 
14:28:30 105 106 106 105 106 107 107 107 099 162 245 128 240 123 253 124 252 122 128 121 128 118 130 112 131 110 132 157 164 102 224 216 
14:28:31 166 253 173 157 133 148 158 216 177 141 175 105 134 153 195 251 251 174 155 
14:28:32 130 152 152 174 151 107 133 134 154 149 107 133 136 100 081 107 138 146 082 144 088 109 133 107 134 106 135 148 107 108 244 147 106 135 140 096 138 106 
14:28:33 135 102 137 100 137 185 136 101 107 235 152 137 102 137 151 152 251 137 101 137 101 252 135 106 133 109 133 151 155 130 115 
14:28:34 216 192 108 216 130 137 153 145 139 154 250 145 088 152 133 108 134 107 133 157 148 134 157 142 088 142 141 093 
14:28:35 090 143 094 141 106 135 095 140 096 108 134 136 146 156 132 110 251 125 243 127 248 125 249 250 140 161 151 128 116 129 107 134 106 108 107 244 142 
14:28:36 092 106 109 220 098 107 134 136 103 136 146 106 132 251 158 128 118 250 123 243 108 085 155 106 106 107 107 105 106 101 105 106 106 106 106 106 107 107 099 100 082 106 138 144 089 143 
14:28:37 088 142 091 143 088 145 086 145 084 146 085 145 140 097 138 100 137 106 137 102 136 152 150 137 106 136 151 140 096 139 097 140 096 138 098 073 152 138 100 
14:28:38 137 107 137 102 136 102 137 104 136 103 137 100 137 104 138 100 137 108 135 106 133 109 134 107 133 151 155 132 109 130 113 130 112 131 108 133 155 139 094 138 099 
14:28:39 111 133 135 104 134 108 132 151 250 154 135 152 155 250 129 117 131 154 149 135 108 133 107 134 108 247 138 098 092 140 099 138 098 138 
14:28:40 241 250 122 252 120 250 173 255 152 246 133 250 174 118 251 255 120 250 250 125 246 126 245 128 246 160 143 090 141 096 138 
14:28:41 097 129 137 162 243 129 244 154 161 243 109 251 123 086 143 156 160 171 234 171 170 173 170 172 171 171 171 171 173 170 171 171 169 174 170 171 173 171 171 171 
14:28:42 172 171 098 236 123 175 124 170 173 169 171 173 171 171 171 171 172 171 171 170 171 172 171 171 172 172 171 172 170 170 173 171 170 172 171 172 170 171 172 171 171 157 202 135 085 132 
14:28:43 111 128 121 245 122 128 170 170 170 171 171 171 170 171 172 170 172 173 171 171 171 172 174 169 172 170 171 172 171 172 171 173 170 171 171 234 172 169 172 234 
14:28:44 171 170 171 172 171 191 172 171 235 171 170 172 172 170 172 171 170 171 171 173 170 170 172 172 171 173 171 171 171 173 169 172 170 170 172 170 173 
14:28:45 171 172 170 171 170 171 173 170 172 170 172 171 172 170 171 172 173 172 170 171 172 171 171 172 172 171 171 235 171 170 171 171 172 172 171 172 171 172 170 171 171 171 171 169 173 172 169 171 173 172 170 
14:28:46 171 173 171 171 171 234 146 170 171 171 171 172 170 171 173 172 172 172 170 170 172 172 171 174 171 172 171 171 172 171 171 171 172 171 171 171 172 170 172 170 172 
14:28:47 172 172 170 171 234 172 233 172 170 171 171 172 171 234 171 170 171 234 173 169 171 170 171 172 170 170 172 169 173 170 171 234 171 171 171 172 235 171 170 
14:28:48 172 108 107 107 107 106 109 129 235 107 110 107 180 114 168 107 136 146 134 157 142 090 173 156 138 140 140 105 250 224 110 
14:28:49 129 234 171 158 135 141 251 092 251 135 106 134 106 134 109 131 113 131 151 156 130 114 128 119 249 127 245 131 238 162 132 112 130 
14:28:50 113 252 128 117 254 149 153 135 105 135 103 251 133 151 146 142 149 251 150 138 253 100 251 142 101 137 100 137 254 099 252 136 
14:28:51 150 153 135 150 251 156 129 115 129 116 129 114 130 156 150 131 156 148 135 107 134 102 250 177 253 171 160 144 250 137 104 087 
14:28:52 143 140 156 132 093 139 095 130 161 144 136 250 107 090 245 120 249 131 112 131 107 141 135 158 250 137 106 135 146 157 255 153 
14:28:53 145 139 096 140 097 138 101 255 120 254 118 129 115 129 108 134 087 096 140 080 082 089 146 144 088 085 145 085 145 085 081 087 143 149 145 144 138 098 088 144 093 141 094 139 
14:28:54 100 136 149 155 254 120 247 131 157 148 133 169 131 110 132 112 128 118 250 124 250 125 249 